   1	0.879004	0.882353	0.880678  	0.829181	0.058824	0.444003
   2	0.879004	0.882353	0.880678  	0.843416	0.058824	0.451120
   3	0.879004	0.882353	0.880678  	0.836299	0.088235	0.462267
   4	0.879004	0.882353	0.880678  	0.850534	0.088235	0.469385
   5	0.879004	0.882353	0.880678  	0.864769	0.117647	0.491208
   6	0.879004	0.882353	0.880678  	0.839858	0.264706	0.552282
   7	0.879004	0.882353	0.880678  	0.854093	0.323529	0.588811
   8	0.879004	0.882353	0.880678  	0.871886	0.470588	0.671237
   9	0.879004	0.882353	0.880678  	0.850534	0.647059	0.748796
  10	0.879004	0.882353	0.880678  	0.850534	0.647059	0.748796
  11	0.879004	0.882353	0.880678  	0.832740	0.676471	0.754605
  12	0.879004	0.882353	0.880678  	0.832740	0.676471	0.754605
  13	0.879004	0.882353	0.880678  	0.864769	0.676471	0.770620
  14	0.879004	0.882353	0.880678  	0.811388	0.764706	0.788047
  15	0.879004	0.882353	0.880678  	0.811388	0.764706	0.788047
  16	0.879004	0.882353	0.880678  	0.811388	0.764706	0.788047
  17	0.879004	0.882353	0.880678  	0.836299	0.764706	0.800502
  18	0.879004	0.882353	0.880678  	0.868327	0.735294	0.801811
  19	0.879004	0.882353	0.880678  	0.850534	0.764706	0.807620
  20	0.879004	0.882353	0.880678  	0.829181	0.794118	0.811650
  21	0.879004	0.882353	0.880678  	0.832740	0.794118	0.813429
  22	0.879004	0.882353	0.880678  	0.843416	0.794118	0.818767
  23	0.879004	0.882353	0.880678  	0.843416	0.794118	0.818767
  24	0.879004	0.882353	0.880678  	0.843416	0.794118	0.818767
  25	0.879004	0.882353	0.880678  	0.843416	0.794118	0.818767
  26	0.879004	0.882353	0.880678  	0.843416	0.794118	0.818767
  27	0.879004	0.882353	0.880678  	0.843416	0.794118	0.818767
  28	0.879004	0.882353	0.880678  	0.846975	0.794118	0.820546
  29	0.879004	0.882353	0.880678  	0.846975	0.794118	0.820546
  30	0.879004	0.882353	0.880678  	0.854093	0.794118	0.824105
  31	0.879004	0.882353	0.880678  	0.854093	0.794118	0.824105
  32	0.879004	0.882353	0.880678  	0.829181	0.823529	0.826355
  33	0.879004	0.882353	0.880678  	0.832740	0.823529	0.828135
  34	0.879004	0.882353	0.880678  	0.832740	0.823529	0.828135
  35	0.879004	0.882353	0.880678  	0.832740	0.823529	0.828135
  36	0.879004	0.882353	0.880678  	0.832740	0.823529	0.828135
  37	0.879004	0.882353	0.880678  	0.832740	0.823529	0.828135
  38	0.879004	0.882353	0.880678  	0.832740	0.823529	0.828135
  39	0.879004	0.882353	0.880678  	0.832740	0.823529	0.828135
  40	0.879004	0.882353	0.880678  	0.832740	0.823529	0.828135
  41	0.879004	0.882353	0.880678  	0.832740	0.823529	0.828135
  42	0.879004	0.882353	0.880678  	0.843416	0.823529	0.833473
  43	0.879004	0.882353	0.880678  	0.846975	0.823529	0.835252
  44	0.879004	0.882353	0.880678  	0.846975	0.823529	0.835252
  45	0.879004	0.882353	0.880678  	0.846975	0.823529	0.835252
  46	0.879004	0.882353	0.880678  	0.850534	0.823529	0.837032
  47	0.879004	0.882353	0.880678  	0.850534	0.823529	0.837032
  48	0.879004	0.882353	0.880678  	0.850534	0.823529	0.837032
  49	0.879004	0.882353	0.880678  	0.850534	0.823529	0.837032
  50	0.879004	0.882353	0.880678  	0.850534	0.823529	0.837032
  51	0.879004	0.882353	0.880678  	0.850534	0.823529	0.837032
  52	0.879004	0.882353	0.880678  	0.850534	0.823529	0.837032
  53	0.879004	0.882353	0.880678  	0.850534	0.823529	0.837032
  54	0.879004	0.882353	0.880678  	0.850534	0.823529	0.837032
  55	0.879004	0.882353	0.880678  	0.850534	0.823529	0.837032
  56	0.879004	0.882353	0.880678  	0.850534	0.823529	0.837032
  57	0.879004	0.882353	0.880678  	0.850534	0.823529	0.837032
  58	0.879004	0.882353	0.880678  	0.850534	0.823529	0.837032
  59	0.879004	0.882353	0.880678  	0.850534	0.823529	0.837032
  60	0.879004	0.882353	0.880678  	0.843416	0.852941	0.848179
  61	0.879004	0.882353	0.880678  	0.843416	0.852941	0.848179
  62	0.879004	0.882353	0.880678  	0.843416	0.852941	0.848179
  63	0.879004	0.882353	0.880678  	0.843416	0.852941	0.848179
  64	0.879004	0.882353	0.880678  	0.843416	0.852941	0.848179
  65	0.879004	0.882353	0.880678  	0.843416	0.852941	0.848179
  66	0.879004	0.882353	0.880678  	0.843416	0.852941	0.848179
  67	0.879004	0.882353	0.880678  	0.846975	0.852941	0.849958
  68	0.879004	0.882353	0.880678  	0.846975	0.852941	0.849958
  69	0.879004	0.882353	0.880678  	0.850534	0.852941	0.851737
  70	0.879004	0.882353	0.880678  	0.864769	0.852941	0.858855
  71	0.879004	0.882353	0.880678  	0.864769	0.852941	0.858855
  72	0.882562	0.882353	0.882458  	0.868327	0.852941	0.860634
  73	0.882562	0.882353	0.882458  	0.871886	0.852941	0.862414
  74	0.882562	0.882353	0.882458  	0.871886	0.852941	0.862414
  75	0.882562	0.882353	0.882458  	0.871886	0.852941	0.862414
  76	0.882562	0.882353	0.882458  	0.871886	0.852941	0.862414
  77	0.882562	0.882353	0.882458  	0.871886	0.852941	0.862414
  78	0.882562	0.882353	0.882458  	0.871886	0.852941	0.862414
  79	0.882562	0.882353	0.882458  	0.871886	0.852941	0.862414
  80	0.882562	0.882353	0.882458  	0.875445	0.852941	0.864193
  81	0.882562	0.882353	0.882458  	0.875445	0.852941	0.864193
  82	0.882562	0.882353	0.882458  	0.875445	0.852941	0.864193
  83	0.882562	0.882353	0.882458  	0.879004	0.852941	0.865972
  84	0.882562	0.882353	0.882458  	0.882562	0.852941	0.867752
  85	0.882562	0.882353	0.882458  	0.882562	0.852941	0.867752
  86	0.882562	0.882353	0.882458  	0.882562	0.852941	0.867752
  87	0.882562	0.882353	0.882458  	0.868327	0.882353	0.875340
  88	0.882562	0.882353	0.882458  	0.868327	0.882353	0.875340
  89	0.882562	0.882353	0.882458  	0.868327	0.882353	0.875340
  90	0.882562	0.882353	0.882458  	0.871886	0.882353	0.877120
  91	0.882562	0.882353	0.882458  	0.871886	0.882353	0.877120
  92	0.882562	0.882353	0.882458  	0.871886	0.882353	0.877120
  93	0.882562	0.882353	0.882458  	0.871886	0.882353	0.877120
  94	0.882562	0.882353	0.882458  	0.871886	0.882353	0.877120
  95	0.882562	0.882353	0.882458  	0.871886	0.882353	0.877120
  96	0.882562	0.882353	0.882458  	0.875445	0.882353	0.878899
  97	0.882562	0.882353	0.882458  	0.879004	0.882353	0.880678
  98	0.882562	0.882353	0.882458  	0.879004	0.882353	0.880678
  99	0.882562	0.882353	0.882458  	0.879004	0.882353	0.880678
 100	0.882562	0.882353	0.882458  	0.882562	0.882353	0.882458
 101	0.882562	0.882353	0.882458  	0.882562	0.882353	0.882458
 102	0.882562	0.882353	0.882458  	0.882562	0.882353	0.882458
 103	0.882562	0.882353	0.882458  	0.882562	0.882353	0.882458
 104	0.882562	0.882353	0.882458  	0.882562	0.882353	0.882458
 105	0.882562	0.882353	0.882458  	0.882562	0.882353	0.882458
 106	0.882562	0.882353	0.882458  	0.882562	0.882353	0.882458
 107	0.882562	0.882353	0.882458  	0.882562	0.882353	0.882458
 108	0.882562	0.882353	0.882458  	0.882562	0.882353	0.882458
 109	0.882562	0.882353	0.882458  	0.882562	0.882353	0.882458
 110	0.882562	0.882353	0.882458  	0.882562	0.882353	0.882458
 111	0.882562	0.882353	0.882458  	0.882562	0.882353	0.882458
 112	0.882562	0.882353	0.882458  	0.882562	0.882353	0.882458
 113	0.882562	0.882353	0.882458  	0.882562	0.882353	0.882458
 114	0.882562	0.882353	0.882458  	0.882562	0.882353	0.882458
 115	0.882562	0.882353	0.882458  	0.882562	0.882353	0.882458
 116	0.882562	0.882353	0.882458  	0.882562	0.882353	0.882458
 117	0.882562	0.882353	0.882458  	0.882562	0.882353	0.882458
 118	0.882562	0.882353	0.882458  	0.882562	0.882353	0.882458
 119	0.882562	0.882353	0.882458  	0.882562	0.882353	0.882458
 120	0.882562	0.882353	0.882458  	0.882562	0.882353	0.882458
 121	0.882562	0.882353	0.882458  	0.882562	0.882353	0.882458
 122	0.882562	0.882353	0.882458  	0.882562	0.882353	0.882458
 123	0.882562	0.882353	0.882458  	0.882562	0.882353	0.882458
 124	0.882562	0.882353	0.882458  	0.882562	0.882353	0.882458
 125	0.882562	0.882353	0.882458  	0.882562	0.882353	0.882458
 126	0.882562	0.882353	0.882458  	0.882562	0.882353	0.882458
 127	0.882562	0.882353	0.882458  	0.882562	0.882353	0.882458
 128	0.882562	0.882353	0.882458  	0.882562	0.882353	0.882458
 129	0.882562	0.882353	0.882458  	0.882562	0.882353	0.882458
 130	0.882562	0.882353	0.882458  	0.882562	0.882353	0.882458
 131	0.882562	0.882353	0.882458  	0.882562	0.882353	0.882458
 132	0.882562	0.882353	0.882458  	0.882562	0.882353	0.882458
 133	0.882562	0.882353	0.882458  	0.882562	0.882353	0.882458
 134	0.882562	0.882353	0.882458  	0.882562	0.882353	0.882458
 135	0.882562	0.882353	0.882458  	0.882562	0.882353	0.882458
 136	0.882562	0.882353	0.882458  	0.882562	0.882353	0.882458
 137	0.882562	0.882353	0.882458  	0.882562	0.882353	0.882458
 138	0.882562	0.882353	0.882458  	0.882562	0.882353	0.882458
 139	0.882562	0.882353	0.882458  	0.882562	0.882353	0.882458
 140	0.882562	0.882353	0.882458  	0.882562	0.882353	0.882458
 141	0.882562	0.882353	0.882458  	0.882562	0.882353	0.882458
 142	0.882562	0.882353	0.882458  	0.882562	0.882353	0.882458
 143	0.882562	0.882353	0.882458  	0.882562	0.882353	0.882458
 144	0.882562	0.882353	0.882458  	0.882562	0.882353	0.882458
 145	0.882562	0.882353	0.882458  	0.882562	0.882353	0.882458
 146	0.882562	0.882353	0.882458  	0.882562	0.882353	0.882458
 147	0.882562	0.882353	0.882458  	0.882562	0.882353	0.882458
 148	0.882562	0.882353	0.882458  	0.882562	0.882353	0.882458
 149	0.882562	0.882353	0.882458  	0.882562	0.882353	0.882458
 150	0.882562	0.882353	0.882458  	0.882562	0.882353	0.882458
 151	0.882562	0.882353	0.882458  	0.882562	0.882353	0.882458
 152	0.882562	0.882353	0.882458  	0.882562	0.882353	0.882458
 153	0.882562	0.882353	0.882458  	0.882562	0.882353	0.882458
 154	0.882562	0.882353	0.882458  	0.882562	0.882353	0.882458
 155	0.882562	0.882353	0.882458  	0.882562	0.882353	0.882458
 156	0.882562	0.882353	0.882458  	0.882562	0.882353	0.882458
 157	0.882562	0.882353	0.882458  	0.882562	0.882353	0.882458
 158	0.882562	0.882353	0.882458  	0.882562	0.882353	0.882458
 159	0.882562	0.882353	0.882458  	0.882562	0.882353	0.882458
 160	0.882562	0.882353	0.882458  	0.882562	0.882353	0.882458
 161	0.882562	0.882353	0.882458  	0.882562	0.882353	0.882458
 162	0.882562	0.882353	0.882458  	0.882562	0.882353	0.882458
 163	0.882562	0.882353	0.882458  	0.882562	0.882353	0.882458
 164	0.882562	0.882353	0.882458  	0.882562	0.882353	0.882458
 165	0.882562	0.882353	0.882458  	0.882562	0.882353	0.882458
 166	0.882562	0.882353	0.882458  	0.882562	0.882353	0.882458
 167	0.882562	0.882353	0.882458  	0.882562	0.882353	0.882458
 168	0.882562	0.882353	0.882458  	0.882562	0.882353	0.882458
 169	0.882562	0.882353	0.882458  	0.882562	0.882353	0.882458
 170	0.882562	0.882353	0.882458  	0.882562	0.882353	0.882458
 171	0.882562	0.882353	0.882458  	0.882562	0.882353	0.882458
 172	0.882562	0.882353	0.882458  	0.882562	0.882353	0.882458
 173	0.882562	0.882353	0.882458  	0.882562	0.882353	0.882458
 174	0.882562	0.882353	0.882458  	0.882562	0.882353	0.882458
 175	0.882562	0.882353	0.882458  	0.882562	0.882353	0.882458
 176	0.882562	0.882353	0.882458  	0.882562	0.882353	0.882458
 177	0.882562	0.882353	0.882458  	0.882562	0.882353	0.882458
 178	0.882562	0.882353	0.882458  	0.882562	0.882353	0.882458
 179	0.882562	0.882353	0.882458  	0.882562	0.882353	0.882458
 180	0.882562	0.882353	0.882458  	0.882562	0.882353	0.882458
 181	0.882562	0.882353	0.882458  	0.882562	0.882353	0.882458
 182	0.882562	0.882353	0.882458  	0.882562	0.882353	0.882458
 183	0.882562	0.882353	0.882458  	0.882562	0.882353	0.882458
 184	0.882562	0.882353	0.882458  	0.882562	0.882353	0.882458
 185	0.882562	0.882353	0.882458  	0.882562	0.882353	0.882458
 186	0.882562	0.882353	0.882458  	0.882562	0.882353	0.882458
 187	0.882562	0.882353	0.882458  	0.882562	0.882353	0.882458
 188	0.882562	0.882353	0.882458  	0.882562	0.882353	0.882458
 189	0.882562	0.882353	0.882458  	0.882562	0.882353	0.882458
 190	0.882562	0.882353	0.882458  	0.882562	0.882353	0.882458
 191	0.882562	0.882353	0.882458  	0.882562	0.882353	0.882458


   1	0.903915	0.882353	0.893134  	0.864769	0.088235	0.476502
   2	0.903915	0.882353	0.893134  	0.868327	0.088235	0.478281
   3	0.903915	0.882353	0.893134  	0.850534	0.117647	0.484090
   4	0.903915	0.882353	0.893134  	0.822064	0.147059	0.484561
   5	0.903915	0.882353	0.893134  	0.868327	0.147059	0.507693
   6	0.903915	0.882353	0.893134  	0.850534	0.176471	0.513502
   7	0.903915	0.882353	0.893134  	0.861210	0.176471	0.518840
   8	0.903915	0.882353	0.893134  	0.879004	0.176471	0.527737
   9	0.903915	0.882353	0.893134  	0.854093	0.264706	0.559399
  10	0.903915	0.882353	0.893134  	0.861210	0.352941	0.607076
  11	0.903915	0.882353	0.893134  	0.861210	0.352941	0.607076
  12	0.903915	0.882353	0.893134  	0.843416	0.411765	0.627591
  13	0.903915	0.882353	0.893134  	0.825623	0.470588	0.648106
  14	0.903915	0.882353	0.893134  	0.846975	0.470588	0.658782
  15	0.903915	0.882353	0.893134  	0.861210	0.500000	0.680605
  16	0.903915	0.882353	0.893134  	0.822064	0.558824	0.690444
  17	0.903915	0.882353	0.893134  	0.822064	0.558824	0.690444
  18	0.903915	0.882353	0.893134  	0.868327	0.529412	0.698870
  19	0.903915	0.882353	0.893134  	0.868327	0.529412	0.698870
  20	0.903915	0.882353	0.893134  	0.850534	0.617647	0.734090
  21	0.903915	0.882353	0.893134  	0.850534	0.617647	0.734090
  22	0.903915	0.882353	0.893134  	0.850534	0.617647	0.734090
  23	0.903915	0.882353	0.893134  	0.871886	0.617647	0.744767
  24	0.903915	0.882353	0.893134  	0.850534	0.705882	0.778208
  25	0.903915	0.882353	0.893134  	0.850534	0.705882	0.778208
  26	0.903915	0.882353	0.893134  	0.850534	0.705882	0.778208
  27	0.903915	0.882353	0.893134  	0.871886	0.705882	0.788884
  28	0.903915	0.882353	0.893134  	0.854093	0.735294	0.794693
  29	0.903915	0.882353	0.893134  	0.839858	0.764706	0.802282
  30	0.903915	0.882353	0.893134  	0.850534	0.764706	0.807620
  31	0.903915	0.882353	0.893134  	0.850534	0.764706	0.807620
  32	0.903915	0.882353	0.893134  	0.850534	0.764706	0.807620
  33	0.903915	0.882353	0.893134  	0.850534	0.764706	0.807620
  34	0.903915	0.882353	0.893134  	0.850534	0.764706	0.807620
  35	0.903915	0.882353	0.893134  	0.864769	0.764706	0.814737
  36	0.903915	0.882353	0.893134  	0.864769	0.764706	0.814737
  37	0.903915	0.882353	0.893134  	0.846975	0.794118	0.820546
  38	0.903915	0.882353	0.893134  	0.857651	0.823529	0.840590
  39	0.903915	0.882353	0.893134  	0.857651	0.823529	0.840590
  40	0.903915	0.882353	0.893134  	0.854093	0.852941	0.853517
  41	0.903915	0.882353	0.893134  	0.868327	0.852941	0.860634
  42	0.903915	0.882353	0.893134  	0.868327	0.852941	0.860634
  43	0.903915	0.882353	0.893134  	0.903915	0.882353	0.893134
  44	0.903915	0.882353	0.893134  	0.903915	0.882353	0.893134
  45	0.903915	0.882353	0.893134  	0.903915	0.882353	0.893134
  46	0.903915	0.882353	0.893134  	0.903915	0.882353	0.893134
  47	0.903915	0.882353	0.893134  	0.903915	0.882353	0.893134
  48	0.903915	0.882353	0.893134  	0.903915	0.882353	0.893134
  49	0.903915	0.882353	0.893134  	0.903915	0.882353	0.893134
  50	0.903915	0.882353	0.893134  	0.903915	0.882353	0.893134
  51	0.903915	0.882353	0.893134  	0.903915	0.882353	0.893134
  52	0.903915	0.882353	0.893134  	0.903915	0.882353	0.893134
  53	0.903915	0.882353	0.893134  	0.903915	0.882353	0.893134
  54	0.903915	0.882353	0.893134  	0.903915	0.882353	0.893134
  55	0.903915	0.882353	0.893134  	0.903915	0.882353	0.893134
  56	0.903915	0.882353	0.893134  	0.903915	0.882353	0.893134
  57	0.903915	0.882353	0.893134  	0.903915	0.882353	0.893134
  58	0.903915	0.882353	0.893134  	0.903915	0.882353	0.893134
  59	0.903915	0.882353	0.893134  	0.903915	0.882353	0.893134
  60	0.903915	0.882353	0.893134  	0.903915	0.882353	0.893134
  61	0.903915	0.882353	0.893134  	0.903915	0.882353	0.893134
  62	0.903915	0.882353	0.893134  	0.903915	0.882353	0.893134
  63	0.903915	0.882353	0.893134  	0.903915	0.882353	0.893134
  64	0.903915	0.882353	0.893134  	0.903915	0.882353	0.893134
  65	0.903915	0.882353	0.893134  	0.903915	0.882353	0.893134
  66	0.903915	0.882353	0.893134  	0.903915	0.882353	0.893134
  67	0.903915	0.882353	0.893134  	0.903915	0.882353	0.893134
  68	0.903915	0.882353	0.893134  	0.903915	0.882353	0.893134
  69	0.903915	0.882353	0.893134  	0.903915	0.882353	0.893134
  70	0.903915	0.882353	0.893134  	0.903915	0.882353	0.893134
  71	0.903915	0.882353	0.893134  	0.903915	0.882353	0.893134
  72	0.903915	0.882353	0.893134  	0.903915	0.882353	0.893134
  73	0.903915	0.882353	0.893134  	0.903915	0.882353	0.893134
  74	0.903915	0.882353	0.893134  	0.903915	0.882353	0.893134
  75	0.903915	0.882353	0.893134  	0.903915	0.882353	0.893134
  76	0.903915	0.882353	0.893134  	0.903915	0.882353	0.893134
  77	0.903915	0.882353	0.893134  	0.903915	0.882353	0.893134
  78	0.903915	0.882353	0.893134  	0.903915	0.882353	0.893134
  79	0.903915	0.882353	0.893134  	0.903915	0.882353	0.893134
  80	0.903915	0.882353	0.893134  	0.903915	0.882353	0.893134
  81	0.903915	0.882353	0.893134  	0.903915	0.882353	0.893134
  82	0.903915	0.882353	0.893134  	0.903915	0.882353	0.893134
  83	0.903915	0.882353	0.893134  	0.903915	0.882353	0.893134
  84	0.903915	0.882353	0.893134  	0.903915	0.882353	0.893134
  85	0.903915	0.882353	0.893134  	0.903915	0.882353	0.893134
  86	0.903915	0.882353	0.893134  	0.903915	0.882353	0.893134
  87	0.903915	0.882353	0.893134  	0.903915	0.882353	0.893134
  88	0.903915	0.882353	0.893134  	0.903915	0.882353	0.893134
  89	0.903915	0.882353	0.893134  	0.903915	0.882353	0.893134
  90	0.903915	0.882353	0.893134  	0.903915	0.882353	0.893134
  91	0.903915	0.882353	0.893134  	0.903915	0.882353	0.893134
  92	0.903915	0.882353	0.893134  	0.903915	0.882353	0.893134
  93	0.903915	0.882353	0.893134  	0.903915	0.882353	0.893134
  94	0.903915	0.882353	0.893134  	0.903915	0.882353	0.893134
  95	0.903915	0.882353	0.893134  	0.903915	0.882353	0.893134
  96	0.903915	0.882353	0.893134  	0.903915	0.882353	0.893134
  97	0.903915	0.882353	0.893134  	0.903915	0.882353	0.893134
  98	0.903915	0.882353	0.893134  	0.903915	0.882353	0.893134
  99	0.903915	0.882353	0.893134  	0.903915	0.882353	0.893134
 100	0.903915	0.882353	0.893134  	0.903915	0.882353	0.893134
 101	0.903915	0.882353	0.893134  	0.903915	0.882353	0.893134
 102	0.903915	0.882353	0.893134  	0.903915	0.882353	0.893134
 103	0.903915	0.882353	0.893134  	0.903915	0.882353	0.893134
 104	0.903915	0.882353	0.893134  	0.903915	0.882353	0.893134
 105	0.903915	0.882353	0.893134  	0.903915	0.882353	0.893134
 106	0.903915	0.882353	0.893134  	0.903915	0.882353	0.893134
 107	0.903915	0.882353	0.893134  	0.903915	0.882353	0.893134
 108	0.903915	0.882353	0.893134  	0.903915	0.882353	0.893134
 109	0.903915	0.882353	0.893134  	0.903915	0.882353	0.893134
 110	0.903915	0.882353	0.893134  	0.903915	0.882353	0.893134
 111	0.903915	0.882353	0.893134  	0.903915	0.882353	0.893134
 112	0.903915	0.882353	0.893134  	0.903915	0.882353	0.893134
 113	0.903915	0.882353	0.893134  	0.903915	0.882353	0.893134
 114	0.903915	0.882353	0.893134  	0.903915	0.882353	0.893134
 115	0.903915	0.882353	0.893134  	0.903915	0.882353	0.893134
 116	0.903915	0.882353	0.893134  	0.903915	0.882353	0.893134
 117	0.903915	0.882353	0.893134  	0.903915	0.882353	0.893134
 118	0.903915	0.882353	0.893134  	0.903915	0.882353	0.893134
 119	0.903915	0.882353	0.893134  	0.903915	0.882353	0.893134
 120	0.903915	0.882353	0.893134  	0.903915	0.882353	0.893134
 121	0.903915	0.882353	0.893134  	0.903915	0.882353	0.893134
 122	0.903915	0.882353	0.893134  	0.903915	0.882353	0.893134
 123	0.903915	0.882353	0.893134  	0.903915	0.882353	0.893134
 124	0.903915	0.882353	0.893134  	0.903915	0.882353	0.893134
 125	0.903915	0.882353	0.893134  	0.903915	0.882353	0.893134
 126	0.903915	0.882353	0.893134  	0.903915	0.882353	0.893134
 127	0.903915	0.882353	0.893134  	0.903915	0.882353	0.893134
 128	0.903915	0.882353	0.893134  	0.903915	0.882353	0.893134
 129	0.903915	0.882353	0.893134  	0.903915	0.882353	0.893134
 130	0.903915	0.882353	0.893134  	0.903915	0.882353	0.893134
 131	0.903915	0.882353	0.893134  	0.903915	0.882353	0.893134
 132	0.903915	0.882353	0.893134  	0.903915	0.882353	0.893134
 133	0.903915	0.882353	0.893134  	0.903915	0.882353	0.893134
 134	0.903915	0.882353	0.893134  	0.903915	0.882353	0.893134
 135	0.903915	0.882353	0.893134  	0.903915	0.882353	0.893134
 136	0.903915	0.882353	0.893134  	0.903915	0.882353	0.893134
 137	0.903915	0.882353	0.893134  	0.903915	0.882353	0.893134
 138	0.903915	0.882353	0.893134  	0.903915	0.882353	0.893134
 139	0.903915	0.882353	0.893134  	0.903915	0.882353	0.893134
 140	0.903915	0.882353	0.893134  	0.903915	0.882353	0.893134
 141	0.903915	0.882353	0.893134  	0.903915	0.882353	0.893134
 142	0.903915	0.882353	0.893134  	0.903915	0.882353	0.893134
 143	0.903915	0.882353	0.893134  	0.903915	0.882353	0.893134
 144	0.903915	0.882353	0.893134  	0.903915	0.882353	0.893134
 145	0.903915	0.882353	0.893134  	0.903915	0.882353	0.893134
 146	0.903915	0.882353	0.893134  	0.903915	0.882353	0.893134
 147	0.903915	0.882353	0.893134  	0.903915	0.882353	0.893134
 148	0.903915	0.882353	0.893134  	0.903915	0.882353	0.893134
 149	0.903915	0.882353	0.893134  	0.903915	0.882353	0.893134
 150	0.903915	0.882353	0.893134  	0.903915	0.882353	0.893134
 151	0.903915	0.882353	0.893134  	0.903915	0.882353	0.893134
 152	0.903915	0.882353	0.893134  	0.903915	0.882353	0.893134
 153	0.903915	0.882353	0.893134  	0.903915	0.882353	0.893134
 154	0.903915	0.882353	0.893134  	0.903915	0.882353	0.893134
 155	0.903915	0.882353	0.893134  	0.903915	0.882353	0.893134
 156	0.903915	0.882353	0.893134  	0.903915	0.882353	0.893134
 157	0.903915	0.882353	0.893134  	0.903915	0.882353	0.893134
 158	0.903915	0.882353	0.893134  	0.903915	0.882353	0.893134
 159	0.903915	0.882353	0.893134  	0.903915	0.882353	0.893134
 160	0.903915	0.882353	0.893134  	0.903915	0.882353	0.893134
 161	0.903915	0.882353	0.893134  	0.903915	0.882353	0.893134
 162	0.903915	0.882353	0.893134  	0.903915	0.882353	0.893134
 163	0.903915	0.882353	0.893134  	0.903915	0.882353	0.893134
 164	0.903915	0.882353	0.893134  	0.903915	0.882353	0.893134
 165	0.903915	0.882353	0.893134  	0.903915	0.882353	0.893134
 166	0.903915	0.882353	0.893134  	0.903915	0.882353	0.893134
 167	0.903915	0.882353	0.893134  	0.903915	0.882353	0.893134
 168	0.903915	0.882353	0.893134  	0.903915	0.882353	0.893134
 169	0.903915	0.882353	0.893134  	0.903915	0.882353	0.893134
 170	0.903915	0.882353	0.893134  	0.903915	0.882353	0.893134
 171	0.903915	0.882353	0.893134  	0.903915	0.882353	0.893134
 172	0.903915	0.882353	0.893134  	0.903915	0.882353	0.893134
 173	0.903915	0.882353	0.893134  	0.903915	0.882353	0.893134
 174	0.903915	0.882353	0.893134  	0.903915	0.882353	0.893134
 175	0.903915	0.882353	0.893134  	0.903915	0.882353	0.893134
 176	0.903915	0.882353	0.893134  	0.903915	0.882353	0.893134
 177	0.903915	0.882353	0.893134  	0.903915	0.882353	0.893134
 178	0.903915	0.882353	0.893134  	0.903915	0.882353	0.893134
 179	0.903915	0.882353	0.893134  	0.903915	0.882353	0.893134
 180	0.903915	0.882353	0.893134  	0.903915	0.882353	0.893134
 181	0.903915	0.882353	0.893134  	0.903915	0.882353	0.893134
 182	0.903915	0.882353	0.893134  	0.903915	0.882353	0.893134
 183	0.903915	0.882353	0.893134  	0.903915	0.882353	0.893134
 184	0.903915	0.882353	0.893134  	0.903915	0.882353	0.893134
 185	0.903915	0.882353	0.893134  	0.903915	0.882353	0.893134
 186	0.903915	0.882353	0.893134  	0.903915	0.882353	0.893134
 187	0.903915	0.882353	0.893134  	0.903915	0.882353	0.893134
 188	0.903915	0.882353	0.893134  	0.903915	0.882353	0.893134
 189	0.903915	0.882353	0.893134  	0.903915	0.882353	0.893134
 190	0.903915	0.882353	0.893134  	0.903915	0.882353	0.893134
 191	0.903915	0.882353	0.893134  	0.903915	0.882353	0.893134


   1	0.914591	0.882353	0.898472  	0.886121	0.058824	0.472472
   2	0.914591	0.882353	0.898472  	0.882562	0.088235	0.485399
   3	0.914591	0.882353	0.898472  	0.893238	0.088235	0.490737
   4	0.914591	0.882353	0.898472  	0.868327	0.147059	0.507693
   5	0.914591	0.882353	0.898472  	0.846975	0.176471	0.511723
   6	0.914591	0.882353	0.898472  	0.850534	0.176471	0.513502
   7	0.914591	0.882353	0.898472  	0.896797	0.264706	0.580752
   8	0.914591	0.882353	0.898472  	0.900356	0.264706	0.582531
   9	0.914591	0.882353	0.898472  	0.889680	0.323529	0.606605
  10	0.914591	0.882353	0.898472  	0.875445	0.352941	0.614193
  11	0.914591	0.882353	0.898472  	0.893238	0.352941	0.623090
  12	0.914591	0.882353	0.898472  	0.903915	0.382353	0.643134
  13	0.914591	0.882353	0.898472  	0.886121	0.470588	0.678355
  14	0.914591	0.882353	0.898472  	0.886121	0.470588	0.678355
  15	0.914591	0.882353	0.898472  	0.886121	0.470588	0.678355
  16	0.914591	0.882353	0.898472  	0.896797	0.470588	0.683693
  17	0.914591	0.882353	0.898472  	0.900356	0.470588	0.685472
  18	0.914591	0.882353	0.898472  	0.914591	0.500000	0.707295
  19	0.914591	0.882353	0.898472  	0.914591	0.500000	0.707295
  20	0.914591	0.882353	0.898472  	0.907473	0.529412	0.718443
  21	0.914591	0.882353	0.898472  	0.907473	0.529412	0.718443
  22	0.914591	0.882353	0.898472  	0.882562	0.558824	0.720693
  23	0.914591	0.882353	0.898472  	0.882562	0.558824	0.720693
  24	0.914591	0.882353	0.898472  	0.882562	0.588235	0.735399
  25	0.914591	0.882353	0.898472  	0.896797	0.588235	0.742516
  26	0.914591	0.882353	0.898472  	0.896797	0.588235	0.742516
  27	0.914591	0.882353	0.898472  	0.903915	0.588235	0.746075
  28	0.914591	0.882353	0.898472  	0.911032	0.588235	0.749634
  29	0.914591	0.882353	0.898472  	0.882562	0.617647	0.750105
  30	0.914591	0.882353	0.898472  	0.893238	0.617647	0.755443
  31	0.914591	0.882353	0.898472  	0.907473	0.617647	0.762560
  32	0.914591	0.882353	0.898472  	0.907473	0.617647	0.762560
  33	0.914591	0.882353	0.898472  	0.907473	0.617647	0.762560
  34	0.914591	0.882353	0.898472  	0.911032	0.617647	0.764340
  35	0.914591	0.882353	0.898472  	0.911032	0.617647	0.764340
  36	0.914591	0.882353	0.898472  	0.911032	0.617647	0.764340
  37	0.914591	0.882353	0.898472  	0.911032	0.617647	0.764340
  38	0.914591	0.882353	0.898472  	0.911032	0.617647	0.764340
  39	0.914591	0.882353	0.898472  	0.882562	0.676471	0.779516
  40	0.914591	0.882353	0.898472  	0.903915	0.676471	0.790193
  41	0.914591	0.882353	0.898472  	0.903915	0.676471	0.790193
  42	0.914591	0.882353	0.898472  	0.903915	0.676471	0.790193
  43	0.914591	0.882353	0.898472  	0.903915	0.676471	0.790193
  44	0.914591	0.882353	0.898472  	0.903915	0.676471	0.790193
  45	0.914591	0.882353	0.898472  	0.903915	0.676471	0.790193
  46	0.914591	0.882353	0.898472  	0.882562	0.705882	0.794222
  47	0.914591	0.882353	0.898472  	0.896797	0.705882	0.801340
  48	0.914591	0.882353	0.898472  	0.903915	0.705882	0.804898
  49	0.914591	0.882353	0.898472  	0.903915	0.705882	0.804898
  50	0.914591	0.882353	0.898472  	0.921708	0.705882	0.813795
  51	0.914591	0.882353	0.898472  	0.921708	0.705882	0.813795
  52	0.914591	0.882353	0.898472  	0.896797	0.735294	0.816046
  53	0.914591	0.882353	0.898472  	0.896797	0.735294	0.816046
  54	0.914591	0.882353	0.898472  	0.896797	0.735294	0.816046
  55	0.914591	0.882353	0.898472  	0.896797	0.735294	0.816046
  56	0.914591	0.882353	0.898472  	0.918149	0.735294	0.826722
  57	0.914591	0.882353	0.898472  	0.918149	0.735294	0.826722
  58	0.914591	0.882353	0.898472  	0.918149	0.735294	0.826722
  59	0.914591	0.882353	0.898472  	0.918149	0.735294	0.826722
  60	0.914591	0.882353	0.898472  	0.918149	0.735294	0.826722
  61	0.914591	0.882353	0.898472  	0.918149	0.735294	0.826722
  62	0.914591	0.882353	0.898472  	0.918149	0.735294	0.826722
  63	0.914591	0.882353	0.898472  	0.918149	0.735294	0.826722
  64	0.914591	0.882353	0.898472  	0.918149	0.735294	0.826722
  65	0.914591	0.882353	0.898472  	0.918149	0.735294	0.826722
  66	0.914591	0.882353	0.898472  	0.918149	0.735294	0.826722
  67	0.914591	0.882353	0.898472  	0.918149	0.735294	0.826722
  68	0.914591	0.882353	0.898472  	0.918149	0.735294	0.826722
  69	0.914591	0.882353	0.898472  	0.918149	0.735294	0.826722
  70	0.914591	0.882353	0.898472  	0.918149	0.735294	0.826722
  71	0.914591	0.882353	0.898472  	0.918149	0.735294	0.826722
  72	0.914591	0.882353	0.898472  	0.921708	0.735294	0.828501
  73	0.914591	0.882353	0.898472  	0.896797	0.764706	0.830752
  74	0.914591	0.882353	0.898472  	0.896797	0.764706	0.830752
  75	0.914591	0.882353	0.898472  	0.896797	0.764706	0.830752
  76	0.914591	0.882353	0.898472  	0.896797	0.764706	0.830752
  77	0.914591	0.882353	0.898472  	0.928826	0.735294	0.832060
  78	0.914591	0.882353	0.898472  	0.900356	0.764706	0.832531
  79	0.914591	0.882353	0.898472  	0.900356	0.764706	0.832531
  80	0.914591	0.882353	0.898472  	0.900356	0.764706	0.832531
  81	0.914591	0.882353	0.898472  	0.907473	0.764706	0.836090
  82	0.914591	0.882353	0.898472  	0.907473	0.764706	0.836090
  83	0.914591	0.882353	0.898472  	0.907473	0.764706	0.836090
  84	0.914591	0.882353	0.898472  	0.907473	0.764706	0.836090
  85	0.914591	0.882353	0.898472  	0.907473	0.764706	0.836090
  86	0.914591	0.882353	0.898472  	0.893238	0.794118	0.843678
  87	0.914591	0.882353	0.898472  	0.907473	0.794118	0.850795
  88	0.914591	0.882353	0.898472  	0.903915	0.823529	0.863722
  89	0.914591	0.882353	0.898472  	0.907473	0.823529	0.865501
  90	0.914591	0.882353	0.898472  	0.903915	0.852941	0.878428
  91	0.914591	0.882353	0.898472  	0.903915	0.852941	0.878428
  92	0.914591	0.882353	0.898472  	0.903915	0.852941	0.878428
  93	0.914591	0.882353	0.898472  	0.903915	0.852941	0.878428
  94	0.914591	0.882353	0.898472  	0.903915	0.852941	0.878428
  95	0.914591	0.882353	0.898472  	0.903915	0.852941	0.878428
  96	0.914591	0.882353	0.898472  	0.903915	0.852941	0.878428
  97	0.914591	0.882353	0.898472  	0.914591	0.882353	0.898472
  98	0.914591	0.882353	0.898472  	0.914591	0.882353	0.898472
  99	0.914591	0.882353	0.898472  	0.914591	0.882353	0.898472
 100	0.914591	0.882353	0.898472  	0.914591	0.882353	0.898472
 101	0.914591	0.882353	0.898472  	0.914591	0.882353	0.898472
 102	0.914591	0.882353	0.898472  	0.914591	0.882353	0.898472
 103	0.914591	0.882353	0.898472  	0.914591	0.882353	0.898472
 104	0.914591	0.882353	0.898472  	0.914591	0.882353	0.898472
 105	0.914591	0.882353	0.898472  	0.914591	0.882353	0.898472
 106	0.914591	0.882353	0.898472  	0.914591	0.882353	0.898472
 107	0.914591	0.882353	0.898472  	0.914591	0.882353	0.898472
 108	0.914591	0.882353	0.898472  	0.914591	0.882353	0.898472
 109	0.914591	0.882353	0.898472  	0.914591	0.882353	0.898472
 110	0.914591	0.882353	0.898472  	0.914591	0.882353	0.898472
 111	0.914591	0.882353	0.898472  	0.914591	0.882353	0.898472
 112	0.914591	0.882353	0.898472  	0.914591	0.882353	0.898472
 113	0.914591	0.882353	0.898472  	0.914591	0.882353	0.898472
 114	0.914591	0.882353	0.898472  	0.914591	0.882353	0.898472
 115	0.914591	0.882353	0.898472  	0.914591	0.882353	0.898472
 116	0.914591	0.882353	0.898472  	0.914591	0.882353	0.898472
 117	0.914591	0.882353	0.898472  	0.914591	0.882353	0.898472
 118	0.914591	0.882353	0.898472  	0.914591	0.882353	0.898472
 119	0.914591	0.882353	0.898472  	0.914591	0.882353	0.898472
 120	0.914591	0.882353	0.898472  	0.914591	0.882353	0.898472
 121	0.914591	0.882353	0.898472  	0.914591	0.882353	0.898472
 122	0.914591	0.882353	0.898472  	0.914591	0.882353	0.898472
 123	0.914591	0.882353	0.898472  	0.914591	0.882353	0.898472
 124	0.914591	0.882353	0.898472  	0.914591	0.882353	0.898472
 125	0.914591	0.882353	0.898472  	0.914591	0.882353	0.898472
 126	0.914591	0.882353	0.898472  	0.914591	0.882353	0.898472
 127	0.914591	0.882353	0.898472  	0.914591	0.882353	0.898472
 128	0.914591	0.882353	0.898472  	0.914591	0.882353	0.898472
 129	0.914591	0.882353	0.898472  	0.914591	0.882353	0.898472
 130	0.914591	0.882353	0.898472  	0.914591	0.882353	0.898472
 131	0.914591	0.882353	0.898472  	0.914591	0.882353	0.898472
 132	0.914591	0.882353	0.898472  	0.914591	0.882353	0.898472
 133	0.914591	0.882353	0.898472  	0.914591	0.882353	0.898472
 134	0.914591	0.882353	0.898472  	0.914591	0.882353	0.898472
 135	0.914591	0.882353	0.898472  	0.914591	0.882353	0.898472
 136	0.914591	0.882353	0.898472  	0.914591	0.882353	0.898472
 137	0.914591	0.882353	0.898472  	0.914591	0.882353	0.898472
 138	0.914591	0.882353	0.898472  	0.914591	0.882353	0.898472
 139	0.914591	0.882353	0.898472  	0.914591	0.882353	0.898472
 140	0.914591	0.882353	0.898472  	0.914591	0.882353	0.898472
 141	0.914591	0.882353	0.898472  	0.914591	0.882353	0.898472
 142	0.914591	0.882353	0.898472  	0.914591	0.882353	0.898472
 143	0.914591	0.882353	0.898472  	0.914591	0.882353	0.898472
 144	0.914591	0.882353	0.898472  	0.914591	0.882353	0.898472
 145	0.914591	0.882353	0.898472  	0.914591	0.882353	0.898472
 146	0.914591	0.882353	0.898472  	0.914591	0.882353	0.898472
 147	0.914591	0.882353	0.898472  	0.914591	0.882353	0.898472
 148	0.914591	0.882353	0.898472  	0.914591	0.882353	0.898472
 149	0.914591	0.882353	0.898472  	0.914591	0.882353	0.898472
 150	0.914591	0.882353	0.898472  	0.914591	0.882353	0.898472
 151	0.914591	0.882353	0.898472  	0.914591	0.882353	0.898472
 152	0.914591	0.882353	0.898472  	0.914591	0.882353	0.898472
 153	0.914591	0.882353	0.898472  	0.914591	0.882353	0.898472
 154	0.914591	0.882353	0.898472  	0.914591	0.882353	0.898472
 155	0.914591	0.882353	0.898472  	0.914591	0.882353	0.898472
 156	0.914591	0.882353	0.898472  	0.914591	0.882353	0.898472
 157	0.914591	0.882353	0.898472  	0.914591	0.882353	0.898472
 158	0.914591	0.882353	0.898472  	0.914591	0.882353	0.898472
 159	0.914591	0.882353	0.898472  	0.914591	0.882353	0.898472
 160	0.914591	0.882353	0.898472  	0.914591	0.882353	0.898472
 161	0.914591	0.882353	0.898472  	0.914591	0.882353	0.898472
 162	0.914591	0.882353	0.898472  	0.914591	0.882353	0.898472
 163	0.914591	0.882353	0.898472  	0.914591	0.882353	0.898472
 164	0.914591	0.882353	0.898472  	0.914591	0.882353	0.898472
 165	0.914591	0.882353	0.898472  	0.914591	0.882353	0.898472
 166	0.914591	0.882353	0.898472  	0.914591	0.882353	0.898472
 167	0.914591	0.882353	0.898472  	0.914591	0.882353	0.898472
 168	0.914591	0.882353	0.898472  	0.914591	0.882353	0.898472
 169	0.914591	0.882353	0.898472  	0.914591	0.882353	0.898472
 170	0.914591	0.882353	0.898472  	0.914591	0.882353	0.898472
 171	0.914591	0.882353	0.898472  	0.914591	0.882353	0.898472
 172	0.914591	0.882353	0.898472  	0.914591	0.882353	0.898472
 173	0.914591	0.882353	0.898472  	0.914591	0.882353	0.898472
 174	0.914591	0.882353	0.898472  	0.914591	0.882353	0.898472
 175	0.914591	0.882353	0.898472  	0.914591	0.882353	0.898472
 176	0.914591	0.882353	0.898472  	0.914591	0.882353	0.898472
 177	0.914591	0.882353	0.898472  	0.914591	0.882353	0.898472
 178	0.914591	0.882353	0.898472  	0.914591	0.882353	0.898472
 179	0.914591	0.882353	0.898472  	0.914591	0.882353	0.898472
 180	0.914591	0.882353	0.898472  	0.914591	0.882353	0.898472
 181	0.914591	0.882353	0.898472  	0.914591	0.882353	0.898472
 182	0.914591	0.882353	0.898472  	0.914591	0.882353	0.898472
 183	0.914591	0.882353	0.898472  	0.914591	0.882353	0.898472
 184	0.914591	0.882353	0.898472  	0.914591	0.882353	0.898472
 185	0.914591	0.882353	0.898472  	0.914591	0.882353	0.898472
 186	0.914591	0.882353	0.898472  	0.914591	0.882353	0.898472
 187	0.914591	0.882353	0.898472  	0.914591	0.882353	0.898472
 188	0.914591	0.882353	0.898472  	0.914591	0.882353	0.898472
 189	0.914591	0.882353	0.898472  	0.914591	0.882353	0.898472
 190	0.914591	0.882353	0.898472  	0.914591	0.882353	0.898472
 191	0.914591	0.882353	0.898472  	0.914591	0.882353	0.898472


   1	0.957295	0.882353	0.919824  	0.882562	0.058824	0.470693
   2	0.957295	0.882353	0.919824  	0.868327	0.117647	0.492987
   3	0.957295	0.882353	0.919824  	0.857651	0.147059	0.502355
   4	0.957295	0.882353	0.919824  	0.886121	0.147059	0.516590
   5	0.957295	0.882353	0.919824  	0.886121	0.176471	0.531296
   6	0.957295	0.882353	0.919824  	0.886121	0.235294	0.560708
   7	0.957295	0.882353	0.919824  	0.864769	0.411765	0.638267
   8	0.957295	0.882353	0.919824  	0.871886	0.411765	0.641825
   9	0.957295	0.882353	0.919824  	0.903915	0.382353	0.643134
  10	0.957295	0.882353	0.919824  	0.875445	0.588235	0.731840
  11	0.957295	0.882353	0.919824  	0.896797	0.588235	0.742516
  12	0.957295	0.882353	0.919824  	0.896797	0.588235	0.742516
  13	0.957295	0.882353	0.919824  	0.896797	0.588235	0.742516
  14	0.957295	0.882353	0.919824  	0.896797	0.588235	0.742516
  15	0.957295	0.882353	0.919824  	0.896797	0.588235	0.742516
  16	0.957295	0.882353	0.919824  	0.896797	0.588235	0.742516
  17	0.957295	0.882353	0.919824  	0.896797	0.588235	0.742516
  18	0.957295	0.882353	0.919824  	0.896797	0.588235	0.742516
  19	0.957295	0.882353	0.919824  	0.886121	0.617647	0.751884
  20	0.957295	0.882353	0.919824  	0.886121	0.647059	0.766590
  21	0.957295	0.882353	0.919824  	0.896797	0.676471	0.786634
  22	0.957295	0.882353	0.919824  	0.896797	0.676471	0.786634
  23	0.957295	0.882353	0.919824  	0.896797	0.676471	0.786634
  24	0.957295	0.882353	0.919824  	0.896797	0.676471	0.786634
  25	0.957295	0.882353	0.919824  	0.903915	0.676471	0.790193
  26	0.957295	0.882353	0.919824  	0.900356	0.705882	0.803119
  27	0.957295	0.882353	0.919824  	0.907473	0.705882	0.806678
  28	0.957295	0.882353	0.919824  	0.914591	0.735294	0.824942
  29	0.957295	0.882353	0.919824  	0.914591	0.735294	0.824942
  30	0.957295	0.882353	0.919824  	0.907473	0.764706	0.836090
  31	0.957295	0.882353	0.919824  	0.921708	0.764706	0.843207
  32	0.957295	0.882353	0.919824  	0.921708	0.764706	0.843207
  33	0.957295	0.882353	0.919824  	0.921708	0.794118	0.857913
  34	0.957295	0.882353	0.919824  	0.921708	0.794118	0.857913
  35	0.957295	0.882353	0.919824  	0.921708	0.794118	0.857913
  36	0.957295	0.882353	0.919824  	0.928826	0.794118	0.861472
  37	0.957295	0.882353	0.919824  	0.928826	0.794118	0.861472
  38	0.957295	0.882353	0.919824  	0.932384	0.794118	0.863251
  39	0.957295	0.882353	0.919824  	0.932384	0.794118	0.863251
  40	0.957295	0.882353	0.919824  	0.932384	0.852941	0.892663
  41	0.957295	0.882353	0.919824  	0.943061	0.852941	0.898001
  42	0.957295	0.882353	0.919824  	0.943061	0.852941	0.898001
  43	0.957295	0.882353	0.919824  	0.943061	0.852941	0.898001
  44	0.957295	0.882353	0.919824  	0.943061	0.852941	0.898001
  45	0.957295	0.882353	0.919824  	0.943061	0.852941	0.898001
  46	0.957295	0.882353	0.919824  	0.943061	0.852941	0.898001
  47	0.957295	0.882353	0.919824  	0.953737	0.882353	0.918045
  48	0.957295	0.882353	0.919824  	0.953737	0.882353	0.918045
  49	0.957295	0.882353	0.919824  	0.953737	0.882353	0.918045
  50	0.957295	0.882353	0.919824  	0.953737	0.882353	0.918045
  51	0.957295	0.882353	0.919824  	0.953737	0.882353	0.918045
  52	0.957295	0.882353	0.919824  	0.953737	0.882353	0.918045
  53	0.957295	0.882353	0.919824  	0.953737	0.882353	0.918045
  54	0.957295	0.882353	0.919824  	0.953737	0.882353	0.918045
  55	0.957295	0.882353	0.919824  	0.953737	0.882353	0.918045
  56	0.957295	0.882353	0.919824  	0.953737	0.882353	0.918045
  57	0.957295	0.882353	0.919824  	0.953737	0.882353	0.918045
  58	0.957295	0.882353	0.919824  	0.953737	0.882353	0.918045
  59	0.957295	0.882353	0.919824  	0.953737	0.882353	0.918045
  60	0.957295	0.882353	0.919824  	0.953737	0.882353	0.918045
  61	0.957295	0.882353	0.919824  	0.953737	0.882353	0.918045
  62	0.957295	0.882353	0.919824  	0.953737	0.882353	0.918045
  63	0.957295	0.882353	0.919824  	0.953737	0.882353	0.918045
  64	0.957295	0.882353	0.919824  	0.953737	0.882353	0.918045
  65	0.957295	0.882353	0.919824  	0.953737	0.882353	0.918045
  66	0.957295	0.882353	0.919824  	0.953737	0.882353	0.918045
  67	0.957295	0.882353	0.919824  	0.953737	0.882353	0.918045
  68	0.957295	0.882353	0.919824  	0.953737	0.882353	0.918045
  69	0.957295	0.882353	0.919824  	0.953737	0.882353	0.918045
  70	0.957295	0.882353	0.919824  	0.953737	0.882353	0.918045
  71	0.957295	0.882353	0.919824  	0.953737	0.882353	0.918045
  72	0.957295	0.882353	0.919824  	0.953737	0.882353	0.918045
  73	0.957295	0.882353	0.919824  	0.953737	0.882353	0.918045
  74	0.957295	0.882353	0.919824  	0.953737	0.882353	0.918045
  75	0.957295	0.882353	0.919824  	0.953737	0.882353	0.918045
  76	0.957295	0.882353	0.919824  	0.953737	0.882353	0.918045
  77	0.957295	0.882353	0.919824  	0.953737	0.882353	0.918045
  78	0.957295	0.882353	0.919824  	0.953737	0.882353	0.918045
  79	0.957295	0.882353	0.919824  	0.953737	0.882353	0.918045
  80	0.957295	0.882353	0.919824  	0.953737	0.882353	0.918045
  81	0.957295	0.882353	0.919824  	0.957295	0.882353	0.919824
  82	0.957295	0.882353	0.919824  	0.957295	0.882353	0.919824
  83	0.957295	0.882353	0.919824  	0.957295	0.882353	0.919824
  84	0.957295	0.882353	0.919824  	0.957295	0.882353	0.919824
  85	0.957295	0.882353	0.919824  	0.957295	0.882353	0.919824
  86	0.957295	0.882353	0.919824  	0.957295	0.882353	0.919824
  87	0.957295	0.882353	0.919824  	0.957295	0.882353	0.919824
  88	0.957295	0.882353	0.919824  	0.957295	0.882353	0.919824
  89	0.957295	0.882353	0.919824  	0.957295	0.882353	0.919824
  90	0.957295	0.882353	0.919824  	0.957295	0.882353	0.919824
  91	0.957295	0.882353	0.919824  	0.957295	0.882353	0.919824
  92	0.957295	0.882353	0.919824  	0.957295	0.882353	0.919824
  93	0.957295	0.882353	0.919824  	0.957295	0.882353	0.919824
  94	0.957295	0.882353	0.919824  	0.957295	0.882353	0.919824
  95	0.957295	0.882353	0.919824  	0.957295	0.882353	0.919824
  96	0.957295	0.882353	0.919824  	0.957295	0.882353	0.919824
  97	0.957295	0.882353	0.919824  	0.957295	0.882353	0.919824
  98	0.957295	0.882353	0.919824  	0.957295	0.882353	0.919824
  99	0.957295	0.882353	0.919824  	0.957295	0.882353	0.919824
 100	0.957295	0.882353	0.919824  	0.957295	0.882353	0.919824
 101	0.957295	0.882353	0.919824  	0.957295	0.882353	0.919824
 102	0.957295	0.882353	0.919824  	0.957295	0.882353	0.919824
 103	0.957295	0.882353	0.919824  	0.957295	0.882353	0.919824
 104	0.957295	0.882353	0.919824  	0.957295	0.882353	0.919824
 105	0.957295	0.882353	0.919824  	0.957295	0.882353	0.919824
 106	0.957295	0.882353	0.919824  	0.957295	0.882353	0.919824
 107	0.957295	0.882353	0.919824  	0.957295	0.882353	0.919824
 108	0.957295	0.882353	0.919824  	0.957295	0.882353	0.919824
 109	0.957295	0.882353	0.919824  	0.957295	0.882353	0.919824
 110	0.957295	0.882353	0.919824  	0.957295	0.882353	0.919824
 111	0.957295	0.911765	0.934530  	0.957295	0.882353	0.919824
 112	0.957295	0.911765	0.934530  	0.957295	0.882353	0.919824
 113	0.957295	0.911765	0.934530  	0.957295	0.882353	0.919824
 114	0.957295	0.911765	0.934530  	0.957295	0.882353	0.919824
 115	0.957295	0.911765	0.934530  	0.957295	0.882353	0.919824
 116	0.957295	0.911765	0.934530  	0.957295	0.882353	0.919824
 117	0.957295	0.911765	0.934530  	0.957295	0.882353	0.919824
 118	0.957295	0.911765	0.934530  	0.957295	0.882353	0.919824
 119	0.957295	0.911765	0.934530  	0.957295	0.882353	0.919824
 120	0.957295	0.911765	0.934530  	0.957295	0.882353	0.919824
 121	0.957295	0.911765	0.934530  	0.957295	0.882353	0.919824
 122	0.957295	0.911765	0.934530  	0.957295	0.882353	0.919824
 123	0.957295	0.911765	0.934530  	0.957295	0.882353	0.919824
 124	0.957295	0.911765	0.934530  	0.957295	0.882353	0.919824
 125	0.957295	0.911765	0.934530  	0.957295	0.882353	0.919824
 126	0.957295	0.911765	0.934530  	0.957295	0.882353	0.919824
 127	0.957295	0.911765	0.934530  	0.957295	0.882353	0.919824
 128	0.957295	0.911765	0.934530  	0.957295	0.882353	0.919824
 129	0.957295	0.911765	0.934530  	0.957295	0.882353	0.919824
 130	0.957295	0.911765	0.934530  	0.957295	0.882353	0.919824
 131	0.957295	0.911765	0.934530  	0.957295	0.882353	0.919824
 132	0.957295	0.911765	0.934530  	0.957295	0.882353	0.919824
 133	0.957295	0.911765	0.934530  	0.957295	0.882353	0.919824
 134	0.957295	0.911765	0.934530  	0.957295	0.882353	0.919824
 135	0.957295	0.911765	0.934530  	0.957295	0.882353	0.919824
 136	0.957295	0.911765	0.934530  	0.957295	0.882353	0.919824
 137	0.957295	0.911765	0.934530  	0.957295	0.882353	0.919824
 138	0.957295	0.911765	0.934530  	0.957295	0.882353	0.919824
 139	0.957295	0.911765	0.934530  	0.957295	0.882353	0.919824
 140	0.957295	0.911765	0.934530  	0.957295	0.882353	0.919824
 141	0.957295	0.911765	0.934530  	0.957295	0.882353	0.919824
 142	0.957295	0.911765	0.934530  	0.957295	0.882353	0.919824
 143	0.957295	0.911765	0.934530  	0.957295	0.882353	0.919824
 144	0.957295	0.911765	0.934530  	0.957295	0.882353	0.919824
 145	0.957295	0.911765	0.934530  	0.957295	0.882353	0.919824
 146	0.957295	0.911765	0.934530  	0.957295	0.882353	0.919824
 147	0.957295	0.911765	0.934530  	0.957295	0.882353	0.919824
 148	0.957295	0.911765	0.934530  	0.957295	0.882353	0.919824
 149	0.957295	0.911765	0.934530  	0.957295	0.882353	0.919824
 150	0.957295	0.911765	0.934530  	0.957295	0.882353	0.919824
 151	0.957295	0.911765	0.934530  	0.957295	0.882353	0.919824
 152	0.957295	0.911765	0.934530  	0.957295	0.882353	0.919824
 153	0.957295	0.911765	0.934530  	0.957295	0.882353	0.919824
 154	0.957295	0.911765	0.934530  	0.957295	0.882353	0.919824
 155	0.957295	0.911765	0.934530  	0.957295	0.882353	0.919824
 156	0.957295	0.911765	0.934530  	0.957295	0.882353	0.919824
 157	0.957295	0.911765	0.934530  	0.957295	0.882353	0.919824
 158	0.943061	0.941176	0.942118  	0.957295	0.882353	0.919824
 159	0.943061	0.941176	0.942118  	0.957295	0.882353	0.919824
 160	0.943061	0.941176	0.942118  	0.957295	0.882353	0.919824
 161	0.943061	0.941176	0.942118  	0.957295	0.882353	0.919824


   1	0.911032	0.882353	0.896692  	0.868327	0.088235	0.478281
   2	0.911032	0.882353	0.896692  	0.864769	0.117647	0.491208
   3	0.911032	0.882353	0.896692  	0.857651	0.147059	0.502355
   4	0.911032	0.882353	0.896692  	0.886121	0.147059	0.516590
   5	0.911032	0.882353	0.896692  	0.896797	0.352941	0.624869
   6	0.911032	0.882353	0.896692  	0.868327	0.382353	0.625340
   7	0.911032	0.882353	0.896692  	0.893238	0.529412	0.711325
   8	0.911032	0.882353	0.896692  	0.893238	0.529412	0.711325
   9	0.911032	0.882353	0.896692  	0.893238	0.529412	0.711325
  10	0.911032	0.882353	0.896692  	0.893238	0.529412	0.711325
  11	0.911032	0.882353	0.896692  	0.893238	0.529412	0.711325
  12	0.911032	0.882353	0.896692  	0.868327	0.558824	0.713575
  13	0.911032	0.882353	0.896692  	0.868327	0.558824	0.713575
  14	0.911032	0.882353	0.896692  	0.861210	0.588235	0.724723
  15	0.911032	0.882353	0.896692  	0.882562	0.647059	0.764811
  16	0.911032	0.882353	0.896692  	0.893238	0.647059	0.770149
  17	0.911032	0.882353	0.896692  	0.893238	0.647059	0.770149
  18	0.911032	0.882353	0.896692  	0.903915	0.647059	0.775487
  19	0.911032	0.882353	0.896692  	0.914591	0.647059	0.780825
  20	0.911032	0.882353	0.896692  	0.914591	0.647059	0.780825
  21	0.911032	0.882353	0.896692  	0.914591	0.647059	0.780825
  22	0.911032	0.882353	0.896692  	0.914591	0.647059	0.780825
  23	0.911032	0.882353	0.896692  	0.882562	0.735294	0.808928
  24	0.911032	0.882353	0.896692  	0.886121	0.735294	0.810708
  25	0.911032	0.882353	0.896692  	0.886121	0.735294	0.810708
  26	0.911032	0.882353	0.896692  	0.889680	0.735294	0.812487
  27	0.911032	0.882353	0.896692  	0.896797	0.764706	0.830752
  28	0.911032	0.882353	0.896692  	0.907473	0.764706	0.836090
  29	0.911032	0.882353	0.896692  	0.889680	0.794118	0.841899
  30	0.911032	0.882353	0.896692  	0.893238	0.794118	0.843678
  31	0.911032	0.882353	0.896692  	0.893238	0.794118	0.843678
  32	0.911032	0.882353	0.896692  	0.900356	0.794118	0.847237
  33	0.911032	0.882353	0.896692  	0.900356	0.794118	0.847237
  34	0.911032	0.882353	0.896692  	0.889680	0.823529	0.856605
  35	0.911032	0.882353	0.896692  	0.889680	0.823529	0.856605
  36	0.911032	0.882353	0.896692  	0.889680	0.823529	0.856605
  37	0.911032	0.882353	0.896692  	0.889680	0.823529	0.856605
  38	0.911032	0.882353	0.896692  	0.889680	0.823529	0.856605
  39	0.911032	0.882353	0.896692  	0.893238	0.823529	0.858384
  40	0.911032	0.882353	0.896692  	0.900356	0.823529	0.861943
  41	0.911032	0.882353	0.896692  	0.900356	0.823529	0.861943
  42	0.911032	0.882353	0.896692  	0.900356	0.823529	0.861943
  43	0.911032	0.882353	0.896692  	0.903915	0.823529	0.863722
  44	0.911032	0.882353	0.896692  	0.903915	0.823529	0.863722
  45	0.911032	0.882353	0.896692  	0.903915	0.823529	0.863722
  46	0.911032	0.882353	0.896692  	0.903915	0.823529	0.863722
  47	0.911032	0.882353	0.896692  	0.907473	0.823529	0.865501
  48	0.911032	0.882353	0.896692  	0.907473	0.823529	0.865501
  49	0.911032	0.882353	0.896692  	0.918149	0.823529	0.870839
  50	0.911032	0.882353	0.896692  	0.896797	0.852941	0.874869
  51	0.911032	0.882353	0.896692  	0.903915	0.852941	0.878428
  52	0.911032	0.882353	0.896692  	0.907473	0.852941	0.880207
  53	0.911032	0.882353	0.896692  	0.907473	0.852941	0.880207
  54	0.911032	0.882353	0.896692  	0.907473	0.852941	0.880207
  55	0.911032	0.882353	0.896692  	0.907473	0.852941	0.880207
  56	0.911032	0.882353	0.896692  	0.907473	0.852941	0.880207
  57	0.911032	0.882353	0.896692  	0.911032	0.852941	0.881987
  58	0.911032	0.882353	0.896692  	0.914591	0.852941	0.883766
  59	0.911032	0.882353	0.896692  	0.914591	0.852941	0.883766
  60	0.911032	0.882353	0.896692  	0.914591	0.852941	0.883766
  61	0.911032	0.882353	0.896692  	0.914591	0.852941	0.883766
  62	0.911032	0.882353	0.896692  	0.914591	0.852941	0.883766
  63	0.911032	0.882353	0.896692  	0.903915	0.882353	0.893134
  64	0.911032	0.882353	0.896692  	0.903915	0.882353	0.893134
  65	0.911032	0.882353	0.896692  	0.903915	0.882353	0.893134
  66	0.911032	0.882353	0.896692  	0.903915	0.882353	0.893134
  67	0.911032	0.882353	0.896692  	0.903915	0.882353	0.893134
  68	0.911032	0.882353	0.896692  	0.903915	0.882353	0.893134
  69	0.911032	0.882353	0.896692  	0.907473	0.882353	0.894913
  70	0.911032	0.882353	0.896692  	0.907473	0.882353	0.894913
  71	0.911032	0.882353	0.896692  	0.907473	0.882353	0.894913
  72	0.911032	0.882353	0.896692  	0.907473	0.882353	0.894913
  73	0.911032	0.882353	0.896692  	0.911032	0.882353	0.896692
  74	0.911032	0.882353	0.896692  	0.911032	0.882353	0.896692
  75	0.911032	0.882353	0.896692  	0.911032	0.882353	0.896692
  76	0.911032	0.882353	0.896692  	0.911032	0.882353	0.896692
  77	0.911032	0.882353	0.896692  	0.911032	0.882353	0.896692
  78	0.911032	0.882353	0.896692  	0.911032	0.882353	0.896692
  79	0.911032	0.882353	0.896692  	0.911032	0.882353	0.896692
  80	0.911032	0.882353	0.896692  	0.911032	0.882353	0.896692
  81	0.911032	0.882353	0.896692  	0.911032	0.882353	0.896692
  82	0.911032	0.882353	0.896692  	0.911032	0.882353	0.896692
  83	0.911032	0.882353	0.896692  	0.911032	0.882353	0.896692
  84	0.911032	0.882353	0.896692  	0.911032	0.882353	0.896692
  85	0.911032	0.882353	0.896692  	0.911032	0.882353	0.896692
  86	0.911032	0.882353	0.896692  	0.911032	0.882353	0.896692
  87	0.911032	0.882353	0.896692  	0.911032	0.882353	0.896692
  88	0.911032	0.882353	0.896692  	0.911032	0.882353	0.896692
  89	0.911032	0.882353	0.896692  	0.911032	0.882353	0.896692
  90	0.911032	0.882353	0.896692  	0.911032	0.882353	0.896692
  91	0.911032	0.882353	0.896692  	0.911032	0.882353	0.896692
  92	0.911032	0.882353	0.896692  	0.911032	0.882353	0.896692
  93	0.911032	0.882353	0.896692  	0.911032	0.882353	0.896692
  94	0.911032	0.882353	0.896692  	0.911032	0.882353	0.896692
  95	0.911032	0.882353	0.896692  	0.911032	0.882353	0.896692
  96	0.911032	0.882353	0.896692  	0.911032	0.882353	0.896692
  97	0.911032	0.882353	0.896692  	0.911032	0.882353	0.896692
  98	0.911032	0.882353	0.896692  	0.911032	0.882353	0.896692
  99	0.911032	0.882353	0.896692  	0.911032	0.882353	0.896692
 100	0.911032	0.882353	0.896692  	0.911032	0.882353	0.896692
 101	0.911032	0.882353	0.896692  	0.911032	0.882353	0.896692
 102	0.911032	0.882353	0.896692  	0.911032	0.882353	0.896692
 103	0.911032	0.882353	0.896692  	0.911032	0.882353	0.896692
 104	0.911032	0.882353	0.896692  	0.911032	0.882353	0.896692
 105	0.911032	0.882353	0.896692  	0.911032	0.882353	0.896692
 106	0.911032	0.882353	0.896692  	0.911032	0.882353	0.896692
 107	0.911032	0.882353	0.896692  	0.911032	0.882353	0.896692
 108	0.911032	0.882353	0.896692  	0.911032	0.882353	0.896692
 109	0.911032	0.882353	0.896692  	0.911032	0.882353	0.896692
 110	0.911032	0.882353	0.896692  	0.911032	0.882353	0.896692
 111	0.911032	0.882353	0.896692  	0.911032	0.882353	0.896692
 112	0.911032	0.882353	0.896692  	0.911032	0.882353	0.896692
 113	0.911032	0.882353	0.896692  	0.911032	0.882353	0.896692
 114	0.911032	0.882353	0.896692  	0.911032	0.882353	0.896692
 115	0.911032	0.882353	0.896692  	0.911032	0.882353	0.896692
 116	0.911032	0.882353	0.896692  	0.911032	0.882353	0.896692
 117	0.911032	0.882353	0.896692  	0.911032	0.882353	0.896692
 118	0.911032	0.882353	0.896692  	0.911032	0.882353	0.896692
 119	0.911032	0.882353	0.896692  	0.911032	0.882353	0.896692
 120	0.911032	0.882353	0.896692  	0.911032	0.882353	0.896692
 121	0.911032	0.882353	0.896692  	0.911032	0.882353	0.896692
 122	0.911032	0.882353	0.896692  	0.911032	0.882353	0.896692
 123	0.911032	0.882353	0.896692  	0.911032	0.882353	0.896692
 124	0.911032	0.882353	0.896692  	0.911032	0.882353	0.896692
 125	0.911032	0.882353	0.896692  	0.911032	0.882353	0.896692
 126	0.911032	0.882353	0.896692  	0.911032	0.882353	0.896692
 127	0.911032	0.882353	0.896692  	0.911032	0.882353	0.896692
 128	0.911032	0.882353	0.896692  	0.911032	0.882353	0.896692
 129	0.911032	0.882353	0.896692  	0.911032	0.882353	0.896692
 130	0.911032	0.882353	0.896692  	0.911032	0.882353	0.896692
 131	0.911032	0.882353	0.896692  	0.911032	0.882353	0.896692
 132	0.911032	0.882353	0.896692  	0.911032	0.882353	0.896692
 133	0.911032	0.882353	0.896692  	0.911032	0.882353	0.896692
 134	0.911032	0.882353	0.896692  	0.911032	0.882353	0.896692
 135	0.911032	0.882353	0.896692  	0.911032	0.882353	0.896692
 136	0.911032	0.882353	0.896692  	0.911032	0.882353	0.896692
 137	0.911032	0.882353	0.896692  	0.911032	0.882353	0.896692
 138	0.911032	0.882353	0.896692  	0.911032	0.882353	0.896692
 139	0.911032	0.882353	0.896692  	0.911032	0.882353	0.896692
 140	0.911032	0.882353	0.896692  	0.911032	0.882353	0.896692
 141	0.911032	0.882353	0.896692  	0.911032	0.882353	0.896692
 142	0.911032	0.882353	0.896692  	0.911032	0.882353	0.896692
 143	0.911032	0.882353	0.896692  	0.911032	0.882353	0.896692
 144	0.911032	0.882353	0.896692  	0.911032	0.882353	0.896692
 145	0.911032	0.882353	0.896692  	0.911032	0.882353	0.896692
 146	0.911032	0.882353	0.896692  	0.911032	0.882353	0.896692
 147	0.911032	0.882353	0.896692  	0.911032	0.882353	0.896692
 148	0.911032	0.882353	0.896692  	0.911032	0.882353	0.896692
 149	0.911032	0.882353	0.896692  	0.911032	0.882353	0.896692
 150	0.911032	0.882353	0.896692  	0.911032	0.882353	0.896692
 151	0.911032	0.882353	0.896692  	0.911032	0.882353	0.896692
 152	0.911032	0.882353	0.896692  	0.911032	0.882353	0.896692
 153	0.911032	0.882353	0.896692  	0.911032	0.882353	0.896692
 154	0.911032	0.882353	0.896692  	0.911032	0.882353	0.896692
 155	0.911032	0.882353	0.896692  	0.911032	0.882353	0.896692
 156	0.911032	0.882353	0.896692  	0.911032	0.882353	0.896692
 157	0.911032	0.882353	0.896692  	0.911032	0.882353	0.896692
 158	0.911032	0.882353	0.896692  	0.911032	0.882353	0.896692
 159	0.911032	0.882353	0.896692  	0.911032	0.882353	0.896692
 160	0.911032	0.882353	0.896692  	0.911032	0.882353	0.896692
 161	0.911032	0.882353	0.896692  	0.911032	0.882353	0.896692
 162	0.911032	0.882353	0.896692  	0.911032	0.882353	0.896692
 163	0.911032	0.882353	0.896692  	0.911032	0.882353	0.896692
 164	0.911032	0.882353	0.896692  	0.911032	0.882353	0.896692
 165	0.911032	0.882353	0.896692  	0.911032	0.882353	0.896692
 166	0.911032	0.882353	0.896692  	0.911032	0.882353	0.896692
 167	0.911032	0.882353	0.896692  	0.911032	0.882353	0.896692
 168	0.911032	0.882353	0.896692  	0.911032	0.882353	0.896692
 169	0.911032	0.882353	0.896692  	0.911032	0.882353	0.896692
 170	0.911032	0.882353	0.896692  	0.911032	0.882353	0.896692
 171	0.911032	0.882353	0.896692  	0.911032	0.882353	0.896692
 172	0.911032	0.882353	0.896692  	0.911032	0.882353	0.896692
 173	0.911032	0.882353	0.896692  	0.911032	0.882353	0.896692
 174	0.911032	0.882353	0.896692  	0.911032	0.882353	0.896692
 175	0.911032	0.882353	0.896692  	0.911032	0.882353	0.896692
 176	0.911032	0.882353	0.896692  	0.911032	0.882353	0.896692
 177	0.911032	0.882353	0.896692  	0.911032	0.882353	0.896692
 178	0.911032	0.882353	0.896692  	0.911032	0.882353	0.896692
 179	0.911032	0.882353	0.896692  	0.911032	0.882353	0.896692
 180	0.911032	0.882353	0.896692  	0.911032	0.882353	0.896692
 181	0.911032	0.882353	0.896692  	0.911032	0.882353	0.896692
 182	0.911032	0.882353	0.896692  	0.911032	0.882353	0.896692
 183	0.911032	0.882353	0.896692  	0.911032	0.882353	0.896692
 184	0.911032	0.882353	0.896692  	0.911032	0.882353	0.896692
 185	0.911032	0.882353	0.896692  	0.911032	0.882353	0.896692
 186	0.911032	0.882353	0.896692  	0.911032	0.882353	0.896692
 187	0.911032	0.882353	0.896692  	0.911032	0.882353	0.896692
 188	0.911032	0.882353	0.896692  	0.911032	0.882353	0.896692
 189	0.911032	0.882353	0.896692  	0.911032	0.882353	0.896692
 190	0.911032	0.882353	0.896692  	0.911032	0.882353	0.896692
 191	0.911032	0.882353	0.896692  	0.911032	0.882353	0.896692
 192	0.911032	0.882353	0.896692  	0.911032	0.882353	0.896692
 193	0.911032	0.882353	0.896692  	0.911032	0.882353	0.896692
 194	0.911032	0.882353	0.896692  	0.911032	0.882353	0.896692
 195	0.911032	0.882353	0.896692  	0.911032	0.882353	0.896692
 196	0.911032	0.882353	0.896692  	0.911032	0.882353	0.896692
 197	0.911032	0.882353	0.896692  	0.911032	0.882353	0.896692
 198	0.911032	0.882353	0.896692  	0.911032	0.882353	0.896692
 199	0.911032	0.882353	0.896692  	0.911032	0.882353	0.896692
 200	0.911032	0.882353	0.896692  	0.911032	0.882353	0.896692
 201	0.911032	0.882353	0.896692  	0.911032	0.882353	0.896692


